1	1	144	#d8bfd8	1
1	145	530	#0000ff	1
1	531	892	#d8bfd8	1
1	893	2969	#0000ff	1
2	1	707	#9acd32	1
2	708	1548	#a52a2a	2
2	1549	2958	#9acd32	1
3	1	1081	#000000	1
3	1082	1425	#800080	2
3	1426	2208	#000000	1
3	2209	2640	#800080	2
4	1	1871	#0000ff	2
5	1	2356	#9acd32	2
6	1	2281	#d8bfd8	2
7	1	916	#000000	2
7	917	2028	#808000	1
7	2029	3278	#000000	2
8	1	747	#d8bfd8	1
8	748	825	#0000ff	1
8	826	1446	#d8bfd8	1
9	1	591	#ff00ff	2
9	592	1223	#800080	1
9	1224	1554	#ff00ff	2
10	1	1408	#808000	2
11	1	1084	#ff00ff	1
12	1	1534	#00ffff	1
13	1	1241	#808080	1
14	1	1273	#00ffff	2
15	1	284	#808080	2
15	285	935	#a52a2a	1
15	936	1559	#808080	2
16	1	120	#d8bfd8	3
16	121	491	#0000ff	3
16	492	855	#d8bfd8	3
16	856	2932	#0000ff	3
17	1	739	#9acd32	3
17	740	1421	#a52a2a	4
17	1422	2768	#9acd32	3
17	2769	2936	#a52a2a	4
18	1	1067	#000000	3
18	1068	1801	#800080	4
18	1802	2586	#000000	3
19	1	1882	#0000ff	4
20	1	2722	#9acd32	4
21	1	2233	#d8bfd8	4
22	1	936	#000000	4
22	937	2063	#808000	3
22	2064	3290	#000000	4
23	1	63	#0000ff	3
23	64	1389	#d8bfd8	3
24	1	614	#ff00ff	4
24	615	1278	#800080	3
24	1279	1542	#ff00ff	4
25	1	1356	#808000	4
26	1	1067	#ff00ff	3
27	1	1606	#00ffff	3
28	1	1136	#808080	3
29	1	1281	#00ffff	4
30	1	628	#808080	4
30	629	1142	#a52a2a	3
30	1143	1580	#808080	4