1	1	172	#d8bfd8	1
1	173	609	#0000ff	1
1	610	1021	#d8bfd8	1
1	1022	3481	#0000ff	1
2	1	1492	#9acd32	1
2	1493	2689	#a52a2a	2
2	2690	3645	#9acd32	1
3	1	1343	#000000	1
3	1344	2256	#800080	2
3	2257	3223	#000000	1
4	1	2409	#0000ff	2
5	1	2692	#9acd32	2
6	1	2479	#d8bfd8	2
7	1	1412	#000000	2
7	1413	2630	#808000	1
7	2631	3829	#000000	2
8	1	1675	#d8bfd8	1
8	1676	1764	#0000ff	1
9	1	381	#ff00ff	2
9	382	1207	#800080	1
9	1208	1934	#ff00ff	2
10	1	1731	#808000	2
11	1	1422	#ff00ff	1
12	1	1969	#00ffff	1
13	1	1616	#808080	1
14	1	1722	#00ffff	2
15	1	170	#808080	2
15	171	1005	#a52a2a	1
15	1006	1775	#808080	2
16	1	2838	#0000ff	3
16	2839	3406	#d8bfd8	3
17	1	2750	#9acd32	3
18	1	1443	#000000	3
18	1444	2433	#a52a2a	4
18	2434	3313	#000000	3
19	1	2416	#0000ff	4
20	1	2236	#9acd32	4
21	1	2279	#d8bfd8	4
22	1	1055	#000000	4
22	1056	2296	#808000	3
22	2297	3884	#000000	4
23	1	1577	#d8bfd8	3
23	1578	1669	#0000ff	3
24	1	350	#ff00ff	4
24	351	1139	#800080	3
24	1140	1824	#ff00ff	4
25	1	1730	#808000	4
26	1	1335	#ff00ff	3
27	1	1916	#00ffff	3
28	1	1381	#808080	3
29	1	1594	#00ffff	4
30	1	677	#808080	4
30	678	1468	#a52a2a	3
30	1469	1881	#808080	3
31	1	879	#800080	4
